
[0][1][2][3][4][5][6][7][8][9]
|
|Union(4,3)
V
[0][1][2][3][3][5][6][7][8][9]
|
|Union(3,8)
V
[0][1][2][8][8][5][6][7][8][9]
|
|Union(6,5)
V
[0][1][2][8][8][5][5][7][8][4]
|
|Union(9,4)
V
[0][1][2][8][8][5][5][7][8][8]
|
|Union(2,1)
V
[0][1][1][8][8][5][5][7][8][8]
|
|Union(8,9)
V
[0][1][1][8][8][5][5][7][8][8]
|
|Union(5,0)
V
[0][1][1][8][8][0][0][7][8][8]
|
|Union(7,2)
V
[0][1][1][8][8][0][0][1][8][8]
|
|Union(6,1)
V
[1][1][1][8][8][1][1][1][8][8]
|
|Union(1,0)
V
[1][1][1][8][8][1][1][1][8][8]
|
|Union(6,7)
V
[1][1][1][8][8][1][1][1][8][8]

 0  1  2  3  4  5  6  7  8  9